$ANSIBLE_VAULT;1.1;AES256
35396164393062306134346461306532623062633662316362373434376631626438303232663631
6332623063643839303363313938633035393065616565640a386662393439386335646330623631
62616636383166623362373430353264646239316662343961633465663833633236326535633764
3536346537623939320a383334363134303166366430383534313961643363343039376564666338
61363933313237353164313363363038376230316131356139303831353164323938393536623030
62646538336635633937613463396236333232623439636330366661323235666530626436346238
36613533373865653638646138626463383666303564393532326336313666646361663462616535
37363237363930313831356437643330353665363436663361343831363730623966363066303561
37623136353261323664616262316436343964656431623732666538346637643438316163306362
38643731323432633161383830396231383330313964386666363266303864393066656236373936
31373530343565323166336538613533346161616636643161336637616435633466393934613933
64353035316633333537353935323432363363343934346635313964353165353739363463303764
6232
